massa_A
t,x,y
0,000000000E0,9,933883058E-1,-1,731054522E-2
3,333333333E-3,9,919818240E-1,-1,777937248E-2
8,333333333E-3,9,910441695E-1,-1,871702702E-2
1,166666667E-2,9,877623786E-1,-2,012350881E-2
1,666666667E-2,9,868247241E-1,-2,059233608E-2
2,000000000E-2,9,854182423E-1,-2,246764515E-2
2,500000000E-2,9,840117605E-1,-2,434295421E-2
2,833333333E-2,9,821364515E-1,-2,528060874E-2
3,333333333E-2,9,807299697E-1,-2,762474508E-2
3,666666667E-2,9,797923151E-1,-2,856239961E-2
4,166666667E-2,9,783858333E-1,-3,043770867E-2
4,500000000E-2,9,760416970E-1,-3,418832680E-2
5,000000000E-2,9,741663879E-1,-3,606363587E-2
5,333333333E-2,9,713534243E-1,-4,075190853E-2
5,833333333E-2,9,708845971E-1,-4,168956306E-2
6,166666667E-2,9,657274971E-1,-4,590900846E-2
6,666666667E-2,9,638521881E-1,-4,872197206E-2
7,000000000E-2,9,610392245E-1,-5,341024472E-2
7,500000000E-2,9,554132973E-1,-5,762969012E-2
7,833333333E-2,9,530691609E-1,-6,138030825E-2
8,333333333E-2,9,502561973E-1,-6,419327185E-2
8,666666667E-2,9,455679247E-1,-6,935037178E-2
9,166666667E-2,9,422861338E-1,-7,263216264E-2
9,500000000E-2,9,385355157E-1,-7,732043530E-2
1,000000000E-1,9,343160703E-1,-8,153988070E-2
1,033333333E-1,9,272836613E-1,-8,810346243E-2
1,083333333E-1,9,244706977E-1,-9,232290782E-2
1,116666667E-1,9,197824250E-1,-9,748000775E-2
1,166666667E-1,9,150941524E-1,-1,035747622E-1
1,200000000E-1,9,085305706E-1,-1,082630349E-1
1,250000000E-1,9,029046434E-1,-1,134201348E-1
1,283333333E-1,8,977475435E-1,-1,181084075E-1
1,333333333E-1,8,935280981E-1,-1,227966801E-1
1,366666667E-1,8,860268619E-1,-1,302979164E-1
1,416666667E-1,8,818074165E-1,-1,349861891E-1
1,450000000E-1,8,743061802E-1,-1,429562526E-1
1,500000000E-1,8,677425985E-1,-1,495198343E-1
1,533333333E-1,8,611790167E-1,-1,565522433E-1
1,583333333E-1,8,555530896E-1,-1,617093432E-1
1,616666667E-1,8,452388897E-1,-1,696794068E-1
1,666666667E-1,8,382064807E-1,-1,762429885E-1
1,700000000E-1,8,316428990E-1,-1,818689157E-1
1,750000000E-1,8,222663536E-1,-1,898389792E-1
1,783333333E-1,8,124209811E-1,-1,987466973E-1
1,833333333E-1,8,035132630E-1,-2,053102790E-1
1,866666667E-1,7,964808540E-1,-2,128115153E-1
1,916666667E-1,7,871043087E-1,-2,198439243E-1
1,950000000E-1,7,767901088E-1,-2,273451605E-1
2,000000000E-1,7,683512180E-1,-2,353152240E-1
2,033333333E-1,7,566305364E-1,-2,432852876E-1
2,083333333E-1,7,444410274E-1,-2,503176966E-1
2,116666667E-1,7,345956549E-1,-2,587565874E-1
2,166666667E-1,7,256879368E-1,-2,676643054E-1
2,200000000E-1,7,125607733E-1,-2,765720235E-1
2,250000000E-1,7,013089189E-1,-2,840732597E-1
2,283333333E-1,6,877129282E-1,-2,925121505E-1
2,333333333E-1,6,764610738E-1,-3,004822141E-1
2,366666667E-1,6,638027376E-1,-3,107964139E-1
2,416666667E-1,6,497379197E-1,-3,168911684E-1
2,450000000E-1,6,356731017E-1,-3,262677137E-1
2,500000000E-1,6,206706291E-1,-3,347066045E-1
2,533333333E-1,6,061369839E-1,-3,422078408E-1
2,583333333E-1,5,920721659E-1,-3,492402498E-1
2,616666667E-1,5,742567298E-1,-3,576791405E-1
2,666666667E-1,5,592542573E-1,-3,661180313E-1
2,700000000E-1,5,447206120E-1,-3,731504403E-1
2,750000000E-1,5,259675214E-1,-3,797140221E-1
2,783333333E-1,5,095585670E-1,-3,900282219E-1
2,833333333E-1,4,945560945E-1,-3,956541491E-1
2,866666667E-1,4,772094857E-1,-4,017489036E-1
2,916666667E-1,4,532992951E-1,-4,111254489E-1
2,950000000E-1,4,354838590E-1,-4,190955124E-1
3,000000000E-1,4,200125592E-1,-4,256590942E-1
3,033333333E-1,3,923517505E-1,-4,336291577E-1
3,083333333E-1,3,754739689E-1,-4,383174303E-1
3,116666667E-1,3,515637783E-1,-4,425368757E-1
3,166666667E-1,3,299977240E-1,-4,472251484E-1
3,200000000E-1,3,084316698E-1,-4,505069393E-1
3,250000000E-1,2,831149974E-1,-4,547263847E-1
3,283333333E-1,2,610801159E-1,-4,551952119E-1
3,333333333E-1,2,348257890E-1,-4,589458301E-1
3,366666667E-1,2,104467711E-1,-4,594146573E-1
3,416666667E-1,1,870054078E-1,-4,608211391E-1
3,450000000E-1,1,612199082E-1,-4,617587937E-1
3,500000000E-1,1,344967540E-1,-4,608211391E-1
3,533333333E-1,1,119930452E-1,-4,584770028E-1
3,583333333E-1,8,105044564E-2,-4,556640392E-1
3,616666667E-1,5,667142779E-2,-4,500381120E-1
3,666666667E-1,2,994827361E-2,-4,444121848E-1
3,700000000E-1,9,788701164E-3,-4,392550849E-1
3,750000000E-1,-2,631099834E-2,-4,284720578E-1
3,783333333E-1,-5,022118892E-2,-4,214396488E-1
3,833333333E-1,-7,741317037E-2,-4,134695852E-1
3,866666667E-1,-9,944805188E-2,-4,050306944E-1
3,916666667E-1,-1,205452789E-1,-3,933100128E-1
3,950000000E-1,-1,496125694E-1,-3,769010585E-1
4,000000000E-1,-1,669591782E-1,-3,633050677E-1
4,033333333E-1,-1,889940597E-1,-3,408013590E-1
4,083333333E-1,-2,025900505E-1,-3,239235774E-1
4,116666667E-1,-2,068094959E-1,-3,004822141E-1
4,166666667E-1,-2,227496229E-1,-2,873550506E-1
4,200000000E-1,-2,471286408E-1,-2,770408507E-1
4,250000000E-1,-2,630687678E-1,-2,564124510E-1
4,283333333E-1,-2,780712403E-1,-2,310957786E-1
4,333333333E-1,-2,883854402E-1,-2,076544153E-1
4,366666667E-1,-3,043255673E-1,-1,785871248E-1
4,416666667E-1,-3,221410034E-1,-1,485821798E-1
4,450000000E-1,-3,338616850E-1,-1,176395802E-1
4,483333333E-1,-3,408940940E-1,-8,950994423E-2
4,533333333E-1,-3,502706393E-1,-6,231796278E-2
4,566666667E-1,-3,568342211E-1,-3,137536321E-2
4,616666667E-1,-3,605848392E-1,-5,121036293E-3
4,650000000E-1,-3,563653938E-1,2,253977242E-2
4,700000000E-1,-3,502706393E-1,4,035520854E-2
4,733333333E-1,-3,460511940E-1,6,004595372E-2
4,783333333E-1,-3,357369941E-1,9,098855330E-2
4,816666667E-1,-3,263604488E-1,1,134922621E-1
4,866666667E-1,-3,137021126E-1,1,388089345E-1
4,900000000E-1,-3,029190855E-1,1,547490615E-1
4,950000000E-1,-2,851036493E-1,1,795969066E-1
4,983333333E-1,-2,733829677E-1,1,955370337E-1
5,033333333E-1,-2,536922225E-1,2,166342607E-1
5,066666667E-1,-2,358767864E-1,2,349185240E-1
5,116666667E-1,-2,241561047E-1,2,461703784E-1
5,150000000E-1,-2,138419049E-1,2,560157510E-1
5,200000000E-1,-1,969641233E-1,2,752376689E-1
5,233333333E-1,-1,824304780E-1,2,883648324E-1
5,283333333E-1,-1,603955965E-1,3,005543413E-1
5,316666667E-1,-1,317971333E-1,3,089932321E-1
5,366666667E-1,-9,569743375E-2,3,179009502E-1
5,400000000E-1,-6,381717964E-2,3,211827410E-1
5,450000000E-1,-3,521871640E-2,3,249333592E-1
5,483333333E-1,-7,557907688E-3,3,216515683E-1
5,533333333E-1,1,682111016E-2,3,183697774E-1
5,566666667E-1,3,979364621E-2,3,103997139E-1
5,616666667E-1,6,229735499E-2,3,075867503E-1
5,650000000E-1,8,058161837E-2,3,028984777E-1
5,700000000E-1,1,068359453E-1,2,958660687E-1
5,733333333E-1,1,260578632E-1,2,907089687E-1
5,783333333E-1,1,518433629E-1,2,780506325E-1
5,816666667E-1,1,710652808E-1,2,686740872E-1
5,866666667E-1,1,926313350E-1,2,550780965E-1
5,900000000E-1,2,062273257E-1,2,480456875E-1
5,950000000E-1,2,277933800E-1,2,250731515E-1
5,983333333E-1,2,432646798E-1,2,119459880E-1
6,033333333E-1,2,620177704E-1,1,880357974E-1
6,066666667E-1,2,718631430E-1,1,772527703E-1
6,116666667E-1,2,887409246E-1,1,528737524E-1
6,150000000E-1,2,981174699E-1,1,355271436E-1
6,200000000E-1,3,098381516E-1,1,116169530E-1
6,233333333E-1,3,131199425E-1,9,145738056E-2
6,283333333E-1,3,215588332E-1,6,285891732E-2
6,316666667E-1,3,276535877E-1,4,035520854E-2
6,366666667E-1,3,267159332E-1,7,537299897E-3
6,400000000E-1,3,285912422E-1,-8,871654424E-3
6,450000000E-1,3,257782786E-1,-3,559480860E-2
6,483333333E-1,3,229653150E-1,-5,387907199E-2
6,533333333E-1,3,149952515E-1,-8,435284430E-2
6,566666667E-1,3,074940153E-1,-1,063877258E-1
6,616666667E-1,2,948356791E-1,-1,326420527E-1
6,650000000E-1,2,835838247E-1,-1,532704524E-1
6,700000000E-1,2,638930795E-1,-1,781182976E-1
6,733333333E-1,2,502970888E-1,-1,964025609E-1
6,783333333E-1,2,282622073E-1,-2,184374425E-1
6,816666667E-1,2,085714621E-1,-2,381281876E-1
6,866666667E-1,1,860677533E-1,-2,540683147E-1
6,900000000E-1,1,654393536E-1,-2,648513418E-1
6,950000000E-1,1,354344085E-1,-2,821979507E-1
6,983333333E-1,1,058982908E-1,-2,925121505E-1
7,033333333E-1,7,917513658E-2,-3,004822141E-1
7,066666667E-1,5,432729146E-2,-3,051704867E-1
7,116666667E-1,2,244703735E-2,-3,061081413E-1
7,150000000E-1,-4,276116824E-3,-3,051704867E-1
7,200000000E-1,-3,568754367E-2,-3,028263504E-1
7,233333333E-1,-6,287952511E-2,-2,990757323E-1
7,283333333E-1,-9,429095195E-2,-2,920433233E-1
7,316666667E-1,-1,149193517E-1,-2,878238779E-1
7,366666667E-1,-1,477372603E-1,-2,751655417E-1
7,400000000E-1,-1,646150419E-1,-2,653201691E-1
7,450000000E-1,-1,852434416E-1,-2,512553511E-1
7,483333333E-1,-2,025900505E-1,-2,343775695E-1
7,533333333E-1,-2,180613503E-1,-2,142179971E-1
7,566666667E-1,-2,344703046E-1,-1,940584246E-1
7,616666667E-1,-2,452533317E-1,-1,753053340E-1
7,650000000E-1,-2,588493224E-1,-1,518639706E-1
7,700000000E-1,-2,672882132E-1,-1,317043982E-1
7,733333333E-1,-2,771335858E-1,-1,068565531E-1
7,783333333E-1,-2,869789584E-1,-7,966457163E-2
7,816666667E-1,-2,986996401E-1,-4,919079932E-2
7,866666667E-1,-3,043255673E-1,-2,106116335E-2
7,900000000E-1,-3,099514944E-1,3,317854500E-3
7,950000000E-1,-3,108891490E-1,2,816569961E-2
7,983333333E-1,-3,062008763E-1,4,785644480E-2
8,033333333E-1,-2,991684673E-1,6,754718998E-2
8,066666667E-1,-2,916672311E-1,8,583145337E-2
8,116666667E-1,-2,818218585E-1,1,078663349E-1
8,150000000E-1,-2,649440769E-1,1,313076982E-1
8,200000000E-1,-2,536922225E-1,1,514672706E-1
8,233333333E-1,-2,391585772E-1,1,711580158E-1
8,283333333E-1,-2,204054866E-1,1,885046247E-1
8,316666667E-1,-2,011835687E-1,2,063200608E-1
8,366666667E-1,-1,796175144E-1,2,180407425E-1
8,400000000E-1,-1,655526964E-1,2,283549423E-1
8,450000000E-1,-1,435178149E-1,2,396067967E-1
8,483333333E-1,-1,233582425E-1,2,489833420E-1
8,533333333E-1,-1,017921882E-1,2,564845783E-1
8,566666667E-1,-7,694434310E-2,2,625793328E-1
8,616666667E-1,-5,209649799E-2,2,644546418E-1
8,650000000E-1,-3,521871640E-2,2,672676054E-1
8,700000000E-1,-8,495562221E-3,2,696117418E-1
8,733333333E-1,1,072635570E-2,2,705493963E-1
8,783333333E-1,4,026247347E-2,2,672676054E-1
8,816666667E-1,5,526494599E-2,2,644546418E-1
8,866666667E-1,8,198810017E-2,2,564845783E-1
8,900000000E-1,9,933470903E-2,2,513274784E-1
8,950000000E-1,1,232448996E-1,2,400756240E-1
8,983333333E-1,1,405915085E-1,2,302302514E-1
9,033333333E-1,1,621575627E-1,2,175719152E-1
9,066666667E-1,1,748158989E-1,2,072577153E-1
9,116666667E-1,1,991949167E-1,1,866293156E-1
9,150000000E-1,2,132597347E-1,1,749086340E-1
9,200000000E-1,2,287310345E-1,1,556867160E-1
9,233333333E-1,2,385764071E-1,1,388089345E-1
9,283333333E-1,2,521723978E-1,1,139610893E-1
9,316666667E-1,2,582671523E-1,9,848978956E-2
9,366666667E-1,2,681125249E-1,7,082898085E-2
9,400000000E-1,2,723319703E-1,5,863947192E-2
9,450000000E-1,2,765514157E-1,3,050983594E-2
9,483333333E-1,2,784267247E-1,1,035026349E-2
9,533333333E-1,2,779578975E-1,-1,543523615E-2
9,566666667E-1,2,746761066E-1,-3,606363587E-2
9,616666667E-1,2,690501794E-1,-6,559975364E-2
9,650000000E-1,2,592048068E-1,-8,857228969E-2
9,700000000E-1,2,484217797E-1,-1,115448257E-1
9,733333333E-1,2,381075798E-1,-1,270161255E-1
9,783333333E-1,2,240427619E-1,-1,481133525E-1
9,816666667E-1,2,034143621E-1,-1,738988522E-1
9,866666667E-1,1,827859624E-1,-1,917142883E-1
9,900000000E-1,1,645016990E-1,-2,104673789E-1
9,950000000E-1,1,354344085E-1,-2,254698515E-1
9,983333333E-1,1,157436633E-1,-2,371905331E-1
1,003333333E0,8,526989104E-2,-2,489112148E-1
1,006666667E0,6,557914585E-2,-2,540683147E-1
1,011666667E0,3,463654628E-2,-2,568812783E-1
1,015000000E0,8,851046632E-3,-2,568812783E-1
1,020000000E0,-2,162272568E-2,-2,550059692E-1
1,023333333E0,-4,506408899E-2,-2,507865238E-1
1,028333333E0,-7,506903403E-2,-2,451605966E-1
1,031666667E0,-9,710391555E-2,-2,376593604E-1
1,036666667E0,-1,214829334E-1,-2,259386787E-1
1,040000000E0,-1,439866422E-1,-2,170309607E-1
1,045000000E0,-1,646150419E-1,-1,954649064E-1
1,048333333E0,-1,786798599E-1,-1,776494703E-1
1,053333333E0,-1,955576415E-1,-1,588963796E-1
1,056666667E0,-2,068094959E-1,-1,392056345E-1
1,061666667E0,-2,189990048E-1,-1,157642711E-1
1,065000000E0,-2,311885137E-1,-9,326056236E-2
1,070000000E0,-2,415027136E-1,-6,888154451E-2
1,073333333E0,-2,527545680E-1,-4,075190853E-2
1,078333333E0,-2,602558042E-1,-9,809308956E-3
1,081666667E0,-2,621311133E-1,1,081909076E-2
1,086666667E0,-2,583804952E-1,2,488390875E-2
1,090000000E0,-2,546298770E-1,4,363699940E-2
1,095000000E0,-2,466598135E-1,6,145243552E-2
1,098333333E0,-2,377520954E-1,7,786138984E-2
1,103333333E0,-2,265002410E-1,1,022404077E-1
1,106666667E0,-2,147795594E-1,1,177117075E-1
1,111666667E0,-1,979017778E-1,1,392777617E-1
1,115000000E0,-1,861810961E-1,1,514672706E-1
1,120000000E0,-1,660215237E-1,1,720956704E-1
1,123333333E0,-1,514878784E-1,1,824098702E-1
1,128333333E0,-1,257023788E-1,1,983499973E-1
1,131666667E0,-1,055428063E-1,2,063200608E-1
1,136666667E0,-7,835082490E-2,2,147589516E-1
1,140000000E0,-6,194187058E-2,2,189783970E-1
1,145000000E0,-3,943816180E-2,2,246043242E-1
1,148333333E0,-2,115389841E-2,2,260108060E-1
1,153333333E0,3,693946703E-3,2,269484605E-1
1,156666667E0,2,244703735E-2,2,260108060E-1
1,161666667E0,5,198315513E-2,2,203848788E-1
1,165000000E0,6,745445492E-2,2,147589516E-1
1,170000000E0,9,089581823E-2,2,077265426E-1
1,173333333E0,1,073047726E-1,1,974123427E-1
1,178333333E0,1,312149631E-1,1,838163520E-1
1,181666667E0,1,438732993E-1,1,730333249E-1
1,186666667E0,1,630952172E-1,1,556867160E-1
1,190000000E0,1,766912080E-1,1,467789980E-1
1,195000000E0,1,935689896E-1,1,252129437E-1
1,198333333E0,2,034143621E-1,1,102104712E-1
1,203333333E0,2,137285620E-1,8,583145337E-2
1,206666667E0,2,207609710E-1,6,848484451E-2
1,211666667E0,2,263868982E-1,4,269934487E-2
1,215000000E0,2,277933800E-1,2,535273602E-2
1,220000000E0,2,268557255E-1,-4,183381761E-3
1,223333333E0,2,259180709E-1,-2,246764515E-2
1,228333333E0,2,184168347E-1,-4,825314479E-2
1,231666667E0,2,113844257E-1,-6,419327185E-2
1,236666667E0,1,973196077E-1,-9,091642602E-2
1,240000000E0,1,841924442E-1,-1,115448257E-1
1,245000000E0,1,682523172E-1,-1,317043982E-1
1,248333333E0,1,555939810E-1,-1,443627344E-1
1,253333333E0,1,312149631E-1,-1,640534796E-1
1,256666667E0,1,162124906E-1,-1,748365067E-1
1,261666667E0,8,620754557E-2,-1,879636701E-1
1,265000000E0,6,604797312E-2,-1,973402155E-1
1,270000000E0,3,651185534E-2,-2,020284881E-1
1,273333333E0,1,353931929E-2,-2,024973154E-1
1,278333333E0,-1,740328028E-2,-2,001531791E-1
1,281666667E0,-3,756285273E-2,-1,973402155E-1
1,286666667E0,-6,569248871E-2,-1,912454610E-1
1,290000000E0,-8,444557936E-2,-1,846818793E-1
1,295000000E0,-1,078869427E-1,-1,734300249E-1
1,298333333E0,-1,238270697E-1,-1,607716887E-1
1,303333333E0,-1,435178149E-1,-1,448315616E-1
1,306666667E0,-1,528943602E-1,-1,321732255E-1
1,311666667E0,-1,702409691E-1,-1,059188985E-1
1,315000000E0,-1,833681325E-1,-7,966457163E-2
1,320000000E0,-1,908693688E-1,-6,091148098E-2
1,323333333E0,-1,983706051E-1,-4,450252666E-2
1,328333333E0,-2,049341868E-1,-2,668709054E-2
1,331666667E0,-2,068094959E-1,-1,215344529E-2
1,336666667E0,-2,058718413E-1,4,255509032E-3
1,340000000E0,-2,025900505E-1,2,535273602E-2
1,345000000E0,-1,922758506E-1,5,160706293E-2
1,348333333E0,-1,866499234E-1,6,614070818E-2
1,353333333E0,-1,725851054E-1,8,676910790E-2
1,356666667E0,-1,608644238E-1,1,027092350E-1
1,361666667E0,-1,444554694E-1,1,200558438E-1
1,365000000E0,-1,294529969E-1,1,322453527E-1
1,370000000E0,-1,158570062E-1,1,463101707E-1
1,373333333E0,-9,663508828E-2,1,570931978E-1
1,378333333E0,-7,741317037E-2,1,664697432E-1
1,381666667E0,-5,631594338E-2,1,730333249E-1
1,386666667E0,-3,287458007E-2,1,781904248E-1
1,390000000E0,-1,880976208E-2,1,777215976E-1
1,395000000E0,5,100428501E-3,1,763151158E-1
1,398333333E0,2,150938282E-2,1,753774612E-1
1,403333333E0,4,448191887E-2,1,688138795E-1
1,406666667E0,6,042204592E-2,1,655320886E-1
1,411666667E0,8,433223650E-2,1,566243706E-1
1,415000000E0,9,792822723E-2,1,495919616E-1
1,420000000E0,1,185566269E-1,1,336518345E-1
1,423333333E0,1,293396541E-1,1,223999801E-1
1,428333333E0,1,438732993E-1,1,022404077E-1
1,431666667E0,1,494992265E-1,9,145738056E-2
1,436666667E0,1,602822536E-1,7,082898085E-2
1,440000000E0,1,649705263E-1,5,395119926E-2
1,445000000E0,1,696587990E-1,3,332279954E-2
1,448333333E0,1,720029353E-1,1,597619069E-2
1,453333333E0,1,710652808E-1,-1,027813622E-2
1,456666667E0,1,677834899E-1,-2,715591781E-2
1,461666667E0,1,598134264E-1,-5,012845386E-2
1,465000000E0,1,494992265E-1,-6,794388998E-2
1,470000000E0,1,344967540E-1,-8,904111696E-2
1,473333333E0,1,227760723E-1,-1,007617986E-1
1,478333333E0,1,026164999E-1,-1,199837165E-1
1,481666667E0,8,855168190E-2,-1,288914346E-1
1,486666667E0,6,511031859E-2,-1,415497708E-1
1,490000000E0,4,073130074E-2,-1,523327979E-1
1,495000000E0,1,307049203E-2,-1,546769342E-1
1,498333333E0,-1,224618035E-2,-1,542081070E-1
1,503333333E0,-3,568754367E-2,-1,490510070E-1
1,506666667E0,-4,834587986E-2,-1,467068707E-1
1,511666667E0,-6,663014324E-2,-1,363926709E-1
1,515000000E0,-8,678971569E-2,-1,270161255E-1
1,518333333E0,-1,050739791E-1,-1,106071712E-1
1,523333333E0,-1,172634880E-1,-9,888648955E-2
1,526666667E0,-1,266400333E-1,-8,247753523E-2
1,531666667E0,-1,369542332E-1,-6,559975364E-2
1,535000000E0,-1,453931240E-1,-4,450252666E-2
1,540000000E0,-1,524255330E-1,-1,871702702E-2
1,543333333E0,-1,552384966E-1,1,442545435E-3
1,548333333E0,-1,543008420E-1,1,832032702E-2
1,551666667E0,-1,477372603E-1,3,988638127E-2
1,556666667E0,-1,374230605E-1,5,910829919E-2
1,560000000E0,-1,275776879E-1,7,270428991E-2
1,565000000E0,-1,182011425E-1,8,020552617E-2
1,568333333E0,-1,064804609E-1,9,614565323E-2
1,573333333E0,-9,007150656E-2,1,073975076E-1
1,576666667E0,-7,647551583E-2,1,181805347E-1
1,581666667E0,-5,772242518E-2,1,252129437E-1
1,585000000E0,-3,756285273E-2,1,284947346E-1
1,590000000E0,-2,068507114E-2,1,280259073E-1
1,593333333E0,1,818637637E-3,1,280259073E-1
1,598333333E0,1,541462836E-2,1,270882528E-1
1,601666667E0,3,838716441E-2,1,200558438E-1
1,606666667E0,5,010784607E-2,1,125546075E-1
1,610000000E0,6,839210945E-2,9,942744409E-2
1,615000000E0,8,011279111E-2,9,145738056E-2
1,618333333E0,9,370878183E-2,7,739256257E-2
1,623333333E0,1,021476726E-1,6,426539912E-2
1,626666667E0,1,115242179E-1,4,644996300E-2
1,631666667E0,1,148060088E-1,3,285397228E-2
1,635000000E0,1,180877997E-1,1,035026349E-2
1,640000000E0,1,171501451E-1,-3,245727228E-3
1,643333333E0,1,115242179E-1,-2,715591781E-2
1,648333333E0,1,058982908E-1,-4,075190853E-2
1,651666667E0,9,464643636E-2,-5,950499918E-2
1,656666667E0,8,245692744E-2,-7,169450811E-2
1,660000000E0,6,182852772E-2,-8,435284430E-2
1,665000000E0,4,401309160E-2,-9,466704415E-2
1,668333333E0,2,338469189E-2,-9,701118049E-2
1,673333333E0,1,349810371E-3,-1,007617986E-1
1,676666667E0,-1,974741661E-2,-9,654235322E-2
1,681666667E0,-3,287458007E-2,-9,138525329E-2
1,685000000E0,-4,975236165E-2,-8,247753523E-2
1,690000000E0,-6,709897051E-2,-7,028802631E-2
1,693333333E0,-7,928847943E-2,-5,481672652E-2
1,698333333E0,-8,491440663E-2,-4,497135393E-2
1,701666667E0,-9,007150656E-2,-2,762474508E-2
1,706666667E0,-9,335329742E-2,-1,355992709E-2
1,710000000E0,-9,241564289E-2,4,724336299E-3
1,715000000E0,-9,007150656E-2,1,738267249E-2
1,718333333E0,-8,210144303E-2,3,379162681E-2
1,723333333E0,-7,272489770E-2,4,551230847E-2
1,726666667E0,-6,006656151E-2,5,723299012E-2
1,731666667E0,-4,928353439E-2,6,801601725E-2
1,735000000E0,-2,584217107E-2,7,786138984E-2
1,740000000E0,-1,552797122E-2,7,879904437E-2
1,743333333E0,4,121558385E-4,7,926787164E-2
1,748333333E0,1,353931929E-2,7,645490804E-2
1,751666667E0,2,947944635E-2,6,989132631E-2
1,756666667E0,4,120012801E-2,6,239009005E-2
1,760000000E0,5,245198240E-2,4,785644480E-2
1,765000000E0,5,760908233E-2,3,754224494E-2
1,768333333E0,6,417266405E-2,2,019563609E-2
1,773333333E0,6,417266405E-2,7,068472630E-3
1,776666667E0,6,229735499E-2,-1,168461802E-2
1,781666667E0,5,620260053E-2,-2,246764515E-2
1,785000000E0,4,448191887E-2,-3,700129040E-2
1,790000000E0,3,557420081E-2,-4,450252666E-2
1,793333333E0,1,541462836E-2,-5,434789925E-2
1,798333333E0,1,349810371E-3,-5,106610839E-2
1,801666667E0,-1,599679848E-2,-4,356487213E-2
1,806666667E0,-2,631099834E-2,-3,793894493E-2
1,810000000E0,-3,896933453E-2,-2,434295421E-2
1,815000000E0,-4,178229813E-2,-1,168461802E-2
1,818333333E0,-4,037581633E-2,-1,370418163E-3
1,823333333E0,-3,709402546E-2,8,943781695E-3
1,826666667E0,-2,631099834E-2,1,691384522E-2
1,831666667E0,-1,974741661E-2,2,347742695E-2
1,835000000E0,-3,338462292E-3,3,004100868E-2
1,840000000E0,3,225119436E-3,3,097866321E-2
1,843333333E0,1,072635570E-2,2,629039055E-2
1,848333333E0,1,682111016E-2,2,253977242E-2
1,851666667E0,1,869641922E-2,1,738267249E-2
1,856666667E0,1,869641922E-2,1,738267249E-2
1,860000000E0,1,822759196E-2,1,503853616E-2
1,865000000E0,1,588345563E-2,9,412608962E-3
1,868333333E0,1,072635570E-2,4,724336299E-3
1,873333333E0,7,913392099E-3,3,317854500E-3
1,876666667E0,4,162773969E-3,6,130818098E-3
